121 1.0554
124 1.04447
127 1.03402
131 1.02076
134 1.01131
137 1.00225
141 0.990765
144 0.982566
148 0.972163
151 0.964739
155 0.955318
159 0.946417
163 0.938012
167 0.930077
171 0.92259
176 0.91383
180 0.907279
184 0.901114
189 0.893928
194 0.887291
198 0.882359
203 0.876647
208 0.871414
213 0.866639
219 0.861487
224 0.857652
230 0.853576
235 0.850598
241 0.847505
247 0.844913
253 0.842798
259 0.842798
266 0.83976
272 0.839026
279 0.838672
286 0.838832
293 0.839483
300 0.840601
307 0.842165
315 0.84447
323 0.8473
331 0.850627
338 0.853927
347 0.853927
355 0.863344
365 0.869747
373 0.875294
382 0.881962
392 0.889871
401 0.897412
411 0.906233
421 0.915492
432 0.926149
442 0.93624
453 0.947754
464 0.959674
475 0.971972
487 0.98579