121 100825837
124 102795965
127 107725733
131 79783308
134 80064842
137 107751017
141 61529158
144 80220812
148 59100198
151 77511264
155 77337402
159 63071307
163 61622368
167 60390411
171 72571935
176 46748320
180 45035469
184 54417108
189 52395074
194 35992364
198 42702420
203 40305370
208 37363130
213 38066769
219 29673836
224 33253406
230 25279053
235 28712936
241 23973438
247 21895657
253 20383520
259 21789094
266 15838739
272 16724907
279 15165701
286 12583840
293 11480343
300 9783949
307 10034728
315 8697041
323 7297515
331 5501018
338 5938999
347 4327092
355 4524373
365 2969911
373 2673100
382 2316871
392 1635851
401 1460524
411 1093253
421 740816
432 338716
442 338092
453 169350
464 82673
475 47801
487 4846
