121 8918878
124 9093204
127 12155907
131 9002330
134 9034083
137 12158698
141 8838907
144 11524486
148 8489965
151 11135553
155 11110849
159 10481416
163 10241318
167 10037016
171 12062258
176 9087872
180 8755612
184 10580839
189 10188966
194 7653997
198 9080961
203 8572020
208 7946515
213 8923354
219 6957053
224 7797278
230 5927804
235 6736041
241 6081104
247 5555217
253 5173957
259 5530209
266 4220537
272 4458426
279 4044394
286 3463428
293 3161406
300 2693889
307 2763923
315 2446708
323 2052338
331 1547734
338 1729643
347 1259010
355 1317287
365 884443
373 796222
382 690486
392 500770
401 447252
411 335148
421 232415
432 105883
442 107367
453 53600
464 27077
475 15809
487 1599

